Profile Output Table - Standard Table 1
HEC-RAS  Plan: Multiple   River: ALUM 006   Reach: Reach-1
                                                                                                                                                                                 
# Rivers            = 1 
# Hydraulic Reaches = 1 
# River Stations    = 10 
# Plans             = 1 
# Profiles          = 7 

 Reach            River Sta        Profile            Q Total  Min Ch El  W.S. Elev  Crit W.S.  E.G. Elev E.G. Slope   Vel Chnl  Flow Area  Top Width Froude # Chl 
                                                        (cfs)       (ft)       (ft)       (ft)       (ft)    (ft/ft)     (ft/s)    (sq ft)       (ft)              
                                                                                                                                                                                 
 Reach-1          3369             10-year             418.00     437.23     438.87                439.04   0.068277       3.33     125.48     140.33         0.62 
 Reach-1          3369             25-year             612.00     437.23     439.10                439.32   0.074130       3.80     160.94     170.31         0.69 
 Reach-1          3369             50-year             776.00     437.23     439.33                439.56   0.059932       3.81     203.45     186.43         0.64 
 Reach-1          3369             1pct_min            318.00     437.23     438.76                438.89   0.054832       2.87     110.77     121.98         0.53 
 Reach-1          3369             100-year            961.00     437.23     439.59                439.81   0.048639       3.80     253.01     204.38         0.60 
 Reach-1          3369             1pct_plu           2902.00     437.23     441.34                441.62   0.016256       4.29     686.14     283.50         0.44 
 Reach-1          3369             500-year           1467.00     437.23     440.13                440.37   0.030748       3.96     373.62     232.87         0.52 
                                                                                                                                                                   
 Reach-1          2936             10-year             418.00     432.79     435.27                435.35   0.003107       2.30     182.98     135.99         0.34 
 Reach-1          2936             25-year             612.00     432.79     435.69                435.79   0.002893       2.59     243.41     154.66         0.33 
 Reach-1          2936             50-year             776.00     432.79     435.95                436.08   0.002975       2.85     285.30     165.76         0.34 
 Reach-1          2936             1pct_min            318.00     432.79     435.00                435.07   0.003425       2.15     147.68     124.47         0.35 
 Reach-1          2936             100-year            961.00     432.79     436.20                436.34   0.003121       3.12     326.84     174.50         0.36 
 Reach-1          2936             1pct_plu           2902.00     432.79     437.62                438.02   0.005007       5.35     627.93     249.10         0.48 
 Reach-1          2936             500-year           1467.00     432.79     436.72                436.93   0.003579       3.79     425.00     202.66         0.39 
                                                                                                                                                                   
 Reach-1          2461             10-year             418.00     429.15     435.31                435.31   0.000012       0.26    1578.82     407.90         0.02 
 Reach-1          2461             25-year             612.00     429.15     435.73                435.73   0.000019       0.35    1756.55     429.32         0.03 
 Reach-1          2461             50-year             776.00     429.15     436.00                436.00   0.000025       0.42    1872.48     442.12         0.03 
 Reach-1          2461             1pct_min            318.00     429.15     435.04                435.04   0.000009       0.22    1469.08     397.44         0.02 
 Reach-1          2461             100-year            961.00     429.15     436.25                436.25   0.000032       0.49    1983.22     449.41         0.04 
 Reach-1          2461             1pct_plu           2902.00     429.15     437.72                437.74   0.000117       1.12    2686.59     526.05         0.08 
 Reach-1          2461             500-year           1467.00     429.15     436.78                436.79   0.000052       0.67    2227.37     464.65         0.05 
                                                                                                                                                                   
 Reach-1          2040             10-year             418.00     427.16     435.31                435.31   0.000001       0.09    4541.17     786.29         0.01 
 Reach-1          2040             25-year             612.00     427.16     435.73                435.73   0.000002       0.13    4877.39     807.20         0.01 
 Reach-1          2040             50-year             776.00     427.16     436.00                436.00   0.000002       0.15    5093.79     818.17         0.01 
 Reach-1          2040             1pct_min            318.00     427.16     435.03                435.04   0.000001       0.07    4328.55     773.88         0.01 
 Reach-1          2040             100-year            961.00     427.16     436.25                436.25   0.000003       0.18    5297.67     823.84         0.01 
 Reach-1          2040             1pct_plu           2902.00     427.16     437.72                437.72   0.000014       0.45    6546.84     875.97         0.03 
 Reach-1          2040             500-year           1467.00     427.16     436.78                436.78   0.000005       0.26    5742.09     839.46         0.02 
                                                                                                                                                                   
 Reach-1          1966             10-year             418.00     432.39     434.74     434.74     435.26   0.026728       7.02      78.65     136.55         0.96 
 Reach-1          1966             25-year             612.00     432.39     435.09     435.09     435.67   0.026372       7.68     107.55     165.74         0.97 
 Reach-1          1966             50-year             776.00     432.39     435.38     435.38     435.94   0.023187       7.71     139.54     208.48         0.93 
 Reach-1          1966             1pct_min            318.00     432.39     434.52     434.52     434.99   0.027913       6.65      62.36     118.99         0.96 
 Reach-1          1966             100-year            961.00     432.39     435.60     435.60     436.19   0.022761       8.02     169.76     235.30         0.93 
 Reach-1          1966             1pct_plu           2902.00     432.39     436.92     436.92     437.65   0.020989      10.34     501.15     625.90         0.96 
 Reach-1          1966             500-year           1467.00     432.39     436.07     436.07     436.71   0.021390       8.73     248.28     291.12         0.92 
                                                                                                                                                                   
 Reach-1          1810             10-year             418.00     421.82     424.12                424.30   0.005815       3.57     126.67      87.36         0.49 
 Reach-1          1810             25-year             612.00     421.82     424.54                424.77   0.005893       4.08     167.18     104.66         0.50 
 Reach-1          1810             50-year             776.00     421.82     424.84                425.11   0.006046       4.48     199.88     119.40         0.51 
 Reach-1          1810             1pct_min            318.00     421.82     423.85                424.00   0.005819       3.27     104.11      81.01         0.48 
 Reach-1          1810             100-year            961.00     421.82     425.10                425.42   0.006370       4.91     233.60     135.01         0.53 
 Reach-1          1810             1pct_plu           2902.00     421.82     426.74                427.40   0.007890       7.43     517.35     236.62         0.63 
 Reach-1          1810             500-year           1467.00     421.82     425.63                426.06   0.007035       5.79     308.93     147.91         0.57 
                                                                                                                                                                   
 Reach-1          1452             10-year             418.00     417.63     419.70     419.70     420.34   0.027427       6.44      64.88      50.71         1.00 
 Reach-1          1452             25-year             612.00     417.63     420.11     420.11     420.85   0.025792       6.90      89.34      65.74         1.00 
 Reach-1          1452             50-year             776.00     417.63     420.39     420.39     421.22   0.023948       7.33     108.54      73.56         0.97 
 Reach-1          1452             1pct_min            318.00     417.63     419.41     419.41     420.00   0.028541       6.18      51.43      43.96         1.01 
 Reach-1          1452             100-year            961.00     417.63     420.71     420.71     421.58   0.020857       7.56     135.12      95.97         0.92 
 Reach-1          1452             1pct_plu           2902.00     417.63     422.55     422.55     423.62   0.014379       9.33     427.91     244.97         0.83 
 Reach-1          1452             500-year           1467.00     417.63     421.38     421.38     422.30   0.016781       8.05     213.17     131.24         0.85 
                                                                                                                                                                   
 Reach-1          1174             10-year             418.00     413.89     416.74                416.84   0.003814       2.60     161.01      71.87         0.31 
 Reach-1          1174             25-year             612.00     413.89     417.26                417.41   0.004328       3.06     203.22     107.64         0.33 
 Reach-1          1174             50-year             776.00     413.89     417.61                417.78   0.004635       3.35     249.27     159.86         0.34 
 Reach-1          1174             1pct_min            318.00     413.89     416.39                416.48   0.003473       2.33     136.66      69.27         0.29 
 Reach-1          1174             100-year            961.00     413.89     417.92                418.11   0.004860       3.58     307.64     211.62         0.35 
 Reach-1          1174             1pct_plu           2902.00     413.89     419.49                419.75   0.005605       4.75     790.46     411.68         0.38 
 Reach-1          1174             500-year           1467.00     413.89     418.51                418.72   0.005188       3.98     454.22     273.36         0.36 
                                                                                                                                                                   
 Reach-1          954              10-year             418.00     412.20     414.24                414.51   0.093640       4.13     101.17     117.26         0.78 
 Reach-1          954              25-year             612.00     412.20     414.52                414.84   0.088414       4.54     134.70     127.04         0.78 
 Reach-1          954              50-year             776.00     412.20     414.71                415.08   0.085943       4.87     160.11     145.69         0.77 
 Reach-1          954              1pct_min            318.00     412.20     414.07                414.31   0.096201       3.87      82.13     106.17         0.78 
 Reach-1          954              100-year            961.00     412.20     414.89     414.68     415.31   0.082756       5.19     189.03     167.05         0.77 
 Reach-1          954              1pct_plu           2902.00     412.20     416.09                416.76   0.064945       6.86     465.24     281.71         0.75 
 Reach-1          954              500-year           1467.00     412.20     415.31     415.14     415.82   0.076339       5.87     268.39     212.50         0.76 
                                                                                                                                                                   
 Reach-1          417              10-year             418.00     404.94     407.32     406.17     407.35   0.005000       1.41     296.46     211.50         0.21 
 Reach-1          417              25-year             612.00     404.94     407.70     406.37     407.74   0.005005       1.62     379.28     234.80         0.22 
 Reach-1          417              50-year             776.00     404.94     407.96     406.52     408.01   0.005003       1.77     442.78     256.81         0.22 
 Reach-1          417              1pct_min            318.00     404.94     407.09     406.06     407.11   0.005001       1.29     247.45     204.06         0.21 
 Reach-1          417              100-year            961.00     404.94     408.21     406.66     408.27   0.005009       1.92     510.03     269.18         0.23 
 Reach-1          417              1pct_plu           2902.00     404.94     409.89     407.75     410.00   0.005006       2.80    1256.03     697.59         0.25 
 Reach-1          417              500-year           1467.00     404.94     408.80     407.03     408.88   0.005008       2.25     679.28     308.53         0.24 
                                                                                                                                                                                 
