Profile Output Table - Standard Table 1
HEC-RAS  Plan: Multiple   River: ALUM 107   Reach: Reach-1
                                                                                                                                                                                 
# Rivers            = 1 
# Hydraulic Reaches = 1 
# River Stations    = 20 
# Plans             = 1 
# Profiles          = 7 

 Reach            River Sta        Profile            Q Total  Min Ch El  W.S. Elev  Crit W.S.  E.G. Elev E.G. Slope   Vel Chnl  Flow Area  Top Width Froude # Chl 
                                                        (cfs)       (ft)       (ft)       (ft)       (ft)    (ft/ft)     (ft/s)    (sq ft)       (ft)              
                                                                                                                                                                                 
 Reach-1          8456             10-year             977.00     559.14     568.24                568.64   0.033587       5.08     192.41      32.38         0.37 
 Reach-1          8456             25-year            1518.00     559.14     570.00                570.56   0.036600       6.00     256.43      40.77         0.39 
 Reach-1          8456             50-year            1999.00     559.14     571.21                571.89   0.037637       6.67     313.54      56.44         0.41 
 Reach-1          8456             1pct_min            850.00     559.14     567.75                568.10   0.031759       4.81     176.80      31.08         0.36 
 Reach-1          8456             100-year           2566.00     559.14     572.39                573.18   0.037253       7.25     387.27      68.59         0.42 
 Reach-1          8456             1pct_plu           7749.00     559.14     576.08     576.08     578.15   0.076029      12.90     893.87     277.12         0.63 
 Reach-1          8456             500-year           4220.00     559.14     575.09     570.60     576.02   0.035062       8.32     669.45     166.58         0.42 
                                                                                                                                                                   
 Reach-1          8141             10-year             977.00     555.33     562.00                562.87   0.011351       7.50     130.41      34.69         0.68 
 Reach-1          8141             25-year            1518.00     555.33     563.17                564.37   0.012032       8.80     173.96      40.41         0.72 
 Reach-1          8141             50-year            1999.00     555.33     563.90                565.42   0.012639       9.94     206.63      48.40         0.75 
 Reach-1          8141             1pct_min            850.00     555.33     561.64                562.44   0.011396       7.18     118.37      33.16         0.67 
 Reach-1          8141             100-year           2566.00     555.33     564.62     563.96     566.49   0.013325      11.10     242.97      52.53         0.79 
 Reach-1          8141             1pct_plu           7749.00     555.33     569.98     569.98     572.02   0.008084      13.15     845.37     200.28         0.68 
 Reach-1          8141             500-year           4220.00     555.33     566.31     566.31     569.04   0.014604      13.67     348.22      75.81         0.86 
                                                                                                                                                                   
 Reach-1          7905             10-year             977.00     553.38     560.73                561.11   0.004563       4.99     196.02      50.94         0.44 
 Reach-1          7905             25-year            1518.00     553.38     562.02                562.53   0.004469       5.74     270.18      63.40         0.45 
 Reach-1          7905             50-year            1999.00     553.38     562.89                563.50   0.004409       6.34     330.49      75.47         0.46 
 Reach-1          7905             1pct_min            850.00     553.38     560.33                560.69   0.004595       4.81     176.56      47.40         0.44 
 Reach-1          7905             100-year           2566.00     553.38     563.76                564.48   0.004375       6.93     403.39      95.05         0.47 
 Reach-1          7905             1pct_plu           7749.00     553.38     568.40                569.45   0.003937       9.33    1119.89     211.09         0.49 
 Reach-1          7905             500-year           4220.00     553.38     565.66                566.57   0.004320       8.13     631.20     146.67         0.49 
                                                                                                                                                                   
 Reach-1          7406             10-year             977.00     547.89     557.29                557.44   0.013100       3.05     324.25      76.80         0.24 
 Reach-1          7406             25-year            1518.00     547.89     558.79                558.98   0.012214       3.51     467.55     119.17         0.24 
 Reach-1          7406             50-year            1999.00     547.89     559.76                559.97   0.012090       3.84     592.99     139.29         0.25 
 Reach-1          7406             1pct_min            850.00     547.89     556.85                556.98   0.013411       2.92     292.05      69.04         0.24 
 Reach-1          7406             100-year           2566.00     547.89     560.67                560.92   0.012248       4.18     732.77     167.55         0.26 
 Reach-1          7406             1pct_plu           7749.00     547.89     565.58                565.98   0.013042       5.88    1752.13     251.01         0.29 
 Reach-1          7406             500-year           4220.00     547.89     562.69                562.99   0.012315       4.85    1100.60     198.52         0.27 
                                                                                                                                                                   
 Reach-1          6974             10-year             977.00     541.42     551.72                551.89   0.012553       3.36     294.04      61.43         0.24 
 Reach-1          6974             25-year            1518.00     541.42     553.23                553.48   0.013295       4.03     408.04     105.07         0.26 
 Reach-1          6974             50-year            1999.00     541.42     554.24                554.52   0.013161       4.37     525.10     125.43         0.26 
 Reach-1          6974             1pct_min            850.00     541.42     551.29                551.44   0.012267       3.16     269.38      52.02         0.24 
 Reach-1          6974             100-year           2566.00     541.42     555.26                555.55   0.012547       4.60     660.66     140.18         0.26 
 Reach-1          6974             1pct_plu           7749.00     541.42     560.57                561.02   0.010178       5.57    1670.00     234.86         0.26 
 Reach-1          6974             500-year           4220.00     541.42     557.53                557.88   0.011367       5.05    1031.07     187.09         0.26 
                                                                                                                                                                   
 Reach-1          6593             10-year             977.00     536.79     546.38                546.55   0.015696       3.34     300.45      71.04         0.26 
 Reach-1          6593             25-year            1518.00     536.79     548.15                548.36   0.013487       3.71     435.62      84.25         0.25 
 Reach-1          6593             50-year            1999.00     536.79     549.47                549.69   0.012139       3.96     560.88     104.58         0.24 
 Reach-1          6593             1pct_min            850.00     536.79     545.90                546.07   0.016407       3.23     267.28      67.62         0.26 
 Reach-1          6593             100-year           2566.00     536.79     550.76                551.01   0.011271       4.21     707.37     126.92         0.24 
 Reach-1          6593             1pct_plu           7749.00     536.79     556.28                556.71   0.012646       6.05    1696.45     228.27         0.28 
 Reach-1          6593             500-year           4220.00     536.79     553.43                553.72   0.010418       4.77    1113.33     178.85         0.24 
                                                                                                                                                                   
 Reach-1          6028             10-year             977.00     531.20     540.65                540.76   0.007184       2.60     376.47      61.35         0.18 
 Reach-1          6028             25-year            1518.00     531.20     542.51                542.66   0.007788       3.08     493.40      64.54         0.20 
 Reach-1          6028             50-year            1999.00     531.20     543.83                544.01   0.008437       3.45     579.77      66.79         0.21 
 Reach-1          6028             1pct_min            850.00     531.20     540.14                540.24   0.007041       2.46     345.36      60.47         0.18 
 Reach-1          6028             100-year           2566.00     531.20     545.13                545.35   0.008942       3.84     672.65      75.87         0.22 
 Reach-1          6028             1pct_plu           7749.00     531.20     551.65                551.86   0.006058       4.41    2658.09     448.05         0.19 
 Reach-1          6028             500-year           4220.00     531.20     547.99                548.28   0.008939       4.52    1159.39     322.16         0.22 
                                                                                                                                                                   
 Reach-1          5640             10-year             977.00     527.69     536.69                536.85   0.015052       3.28     297.84      61.43         0.26 
 Reach-1          5640             25-year            1518.00     527.69     538.55                538.76   0.013471       3.61     420.78      70.20         0.26 
 Reach-1          5640             50-year            1999.00     527.69     539.83                540.07   0.012433       3.92     518.09      80.09         0.25 
 Reach-1          5640             1pct_min            850.00     527.69     536.15                536.31   0.015740       3.20     265.43      58.95         0.27 
 Reach-1          5640             100-year           2566.00     527.69     541.11                541.38   0.011820       4.25     624.07      86.48         0.25 
 Reach-1          5640             1pct_plu           7749.00     527.69     547.85                548.47   0.013292       6.61    1399.67     181.11         0.30 
 Reach-1          5640             500-year           4220.00     527.69     543.95                544.33   0.011628       5.09     888.52     100.42         0.26 
                                                                                                                                                                   
 Reach-1          5154             10-year             977.00     524.32     532.97                533.04   0.004749       2.19     445.77      70.05         0.15 
 Reach-1          5154             25-year            1518.00     524.32     534.79                534.90   0.005168       2.63     578.02      74.78         0.16 
 Reach-1          5154             50-year            1999.00     524.32     536.07                536.21   0.005438       2.97     683.77      94.41         0.17 
 Reach-1          5154             1pct_min            850.00     524.32     532.39                532.46   0.004705       2.09     405.94      68.16         0.15 
 Reach-1          5154             100-year           2566.00     524.32     537.34                537.51   0.005648       3.30     815.70     110.05         0.18 
 Reach-1          5154             1pct_plu           7749.00     524.32     542.94                543.32   0.008431       5.37    1930.09     297.05         0.24 
 Reach-1          5154             500-year           4220.00     524.32     539.59                539.86   0.007356       4.29    1123.59     176.30         0.21 
                                                                                                                                                                   
 Reach-1          4624             10-year             977.00     519.49     529.37     524.06     529.49   0.010092       2.84     343.67      84.66         0.22 
 Reach-1          4624             25-year            1518.00     519.49     531.06     525.18     531.24   0.009671       3.33     465.43     115.27         0.22 
 Reach-1          4624             50-year            1999.00     519.49     532.20     526.02     532.41   0.009840       3.71     567.64     138.09         0.23 
 Reach-1          4624             1pct_min            850.00     519.49     528.80     523.74     528.92   0.010148       2.76     308.52      74.93         0.22 
 Reach-1          4624             100-year           2566.00     519.49     533.35     526.88     533.60   0.010017       4.09     689.90     178.45         0.24 
 Reach-1          4624             1pct_plu           7749.00     519.49     538.34     532.05     538.64   0.009144       5.20    2077.35     298.75         0.24 
 Reach-1          4624             500-year           4220.00     519.49     535.32     529.08     535.56   0.008960       4.40    1271.02     235.85         0.23 
                                                                                                                                                                   
 Reach-1          4238             10-year             977.00     516.55     524.84                524.99   0.013593       3.14     310.81      63.54         0.25 
 Reach-1          4238             25-year            1518.00     516.55     525.89                526.13   0.019045       3.98     381.71      71.76         0.30 
 Reach-1          4238             50-year            1999.00     516.55     526.52                526.86   0.022793       4.69     429.00      77.10         0.34 
 Reach-1          4238             1pct_min            850.00     516.55     524.52                524.65   0.012121       2.92     290.78      60.94         0.24 
 Reach-1          4238             100-year           2566.00     516.55     527.15                527.61   0.026911       5.44     479.54      89.75         0.37 
 Reach-1          4238             1pct_plu           7749.00     516.55     530.74     528.19     531.90   0.043824       9.24    1057.60     228.36         0.51 
 Reach-1          4238             500-year           4220.00     516.55     528.58                529.35   0.035990       7.15     649.37     154.21         0.44 
                                                                                                                                                                   
 Reach-1          3723             10-year            1112.00     513.99     519.32                519.47   0.008876       3.01     368.89     156.16         0.35 
 Reach-1          3723             25-year            1738.00     513.99     520.15                520.34   0.007746       3.45     504.21     174.76         0.35 
 Reach-1          3723             50-year            2297.00     513.99     520.72                520.94   0.007269       3.81     605.48     181.46         0.36 
 Reach-1          3723             1pct_min            979.00     513.99     519.12                519.25   0.009329       2.91     336.52     153.28         0.35 
 Reach-1          3723             100-year           2956.00     513.99     521.30                521.57   0.006898       4.19     712.57     187.82         0.36 
 Reach-1          3723             1pct_plu           8928.00     513.99     524.99                525.59   0.005952       6.35    1492.68     242.40         0.40 
 Reach-1          3723             500-year           4892.00     513.99     522.71                523.10   0.006382       5.06     988.23     203.01         0.38 
                                                                                                                                                                   
 Reach-1          3286             10-year            1112.00     509.56     515.48                515.55   0.008972       2.14     519.13     161.68         0.21 
 Reach-1          3286             25-year            1738.00     509.56     516.46                516.56   0.009622       2.53     697.69     207.60         0.22 
 Reach-1          3286             50-year            2297.00     509.56     517.14                517.26   0.009765       2.80     843.97     222.31         0.23 
 Reach-1          3286             1pct_min            979.00     509.56     515.23                515.29   0.008719       2.04     479.02     158.02         0.21 
 Reach-1          3286             100-year           2956.00     509.56     517.82                517.96   0.009828       3.05    1000.67     234.31         0.23 
 Reach-1          3286             1pct_plu           8928.00     509.56     521.96                522.25   0.009527       4.31    2135.86     311.91         0.25 
 Reach-1          3286             500-year           4892.00     509.56     519.43                519.63   0.009790       3.59    1402.89     267.13         0.24 
                                                                                                                                                                   
 Reach-1          2829             10-year            1112.00     506.53     511.88                511.93   0.007028       1.67     667.06     248.52         0.18 
 Reach-1          2829             25-year            1738.00     506.53     512.85                512.90   0.006704       1.91     918.70     272.75         0.18 
 Reach-1          2829             50-year            2297.00     506.53     513.56                513.63   0.006553       2.09    1122.07     301.01         0.18 
 Reach-1          2829             1pct_min            979.00     506.53     511.63                511.67   0.007216       1.62     604.49     244.27         0.18 
 Reach-1          2829             100-year           2956.00     506.53     514.30                514.37   0.006372       2.26    1352.64     326.51         0.18 
 Reach-1          2829             1pct_plu           8928.00     506.53     518.82                518.96   0.005508       3.19    3160.79     474.32         0.18 
 Reach-1          2829             500-year           4892.00     506.53     516.06                516.16   0.005974       2.66    1977.12     385.56         0.18 
                                                                                                                                                                   
 Reach-1          2321             10-year            1112.00     500.99     507.44     504.93     507.52   0.010957       2.37     468.36     154.45         0.24 
 Reach-1          2321             25-year            1738.00     500.99     508.49     505.52     508.60   0.011016       2.73     639.39     170.42         0.24 
 Reach-1          2321             50-year            2297.00     500.99     509.24     506.01     509.38   0.010980       3.01     771.52     189.33         0.25 
 Reach-1          2321             1pct_min            979.00     500.99     507.10     504.77     507.19   0.011061       2.34     418.08     143.30         0.24 
 Reach-1          2321             100-year           2956.00     500.99     510.02     506.45     510.19   0.010967       3.30     919.73     228.01         0.25 
 Reach-1          2321             1pct_plu           8928.00     500.99     514.75     509.15     515.10   0.011061       4.88    2069.37     533.90         0.27 
 Reach-1          2321             500-year           4892.00     500.99     511.90     507.57     512.13   0.010955       3.95    1318.92     358.67         0.26 
                                                                                                                                                                   
 Reach-1          1914             10-year            1112.00     498.78     504.61                504.65   0.004875       1.53     725.41     224.37         0.15 
 Reach-1          1914             25-year            1738.00     498.78     505.70                505.75   0.004794       1.78     983.29     250.23         0.15 
 Reach-1          1914             50-year            2297.00     498.78     506.47                506.53   0.004793       1.97    1182.70     272.20         0.16 
 Reach-1          1914             1pct_min            979.00     498.78     504.29                504.32   0.004843       1.49     655.45     210.31         0.15 
 Reach-1          1914             100-year           2956.00     498.78     507.26                507.33   0.004807       2.17    1404.01     289.87         0.16 
 Reach-1          1914             1pct_plu           8928.00     498.78     512.01                512.16   0.004916       3.24    3107.42     420.91         0.18 
 Reach-1          1914             500-year           4892.00     498.78     509.15                509.25   0.004842       2.61    2007.82     346.84         0.17 
                                                                                                                                                                   
 Reach-1          1401             10-year            1112.00     495.50     501.23                501.30   0.009145       2.16     514.90     159.66         0.21 
 Reach-1          1401             25-year            1738.00     495.50     502.28                502.38   0.009497       2.51     693.22     178.92         0.22 
 Reach-1          1401             50-year            2297.00     495.50     503.01                503.13   0.009676       2.80     829.06     193.53         0.23 
 Reach-1          1401             1pct_min            979.00     495.50     500.94                501.01   0.009014       2.08     470.07     152.98         0.21 
 Reach-1          1401             100-year           2956.00     495.50     503.76                503.91   0.009883       3.10     979.41     210.69         0.23 
 Reach-1          1401             1pct_plu           8928.00     495.50     508.21                508.53   0.010924       4.74    2106.65     297.60         0.26 
 Reach-1          1401             500-year           4892.00     495.50     505.53                505.74   0.010307       3.77    1382.43     244.07         0.25 
                                                                                                                                                                   
 Reach-1          1122             10-year            1112.00     492.93     498.62                498.68   0.009611       2.10     529.18     177.72         0.21 
 Reach-1          1122             25-year            1738.00     492.93     499.59                499.68   0.009857       2.45     717.88     204.99         0.22 
 Reach-1          1122             50-year            2297.00     492.93     500.28                500.39   0.009994       2.72     863.78     220.25         0.23 
 Reach-1          1122             1pct_min            979.00     492.93     498.37                498.43   0.009546       2.02     485.48     174.38         0.21 
 Reach-1          1122             100-year           2956.00     492.93     500.98                501.11   0.010116       2.99    1023.82     234.87         0.23 
 Reach-1          1122             1pct_plu           8928.00     492.93     505.19                505.49   0.010854       4.52    2195.10     317.68         0.26 
 Reach-1          1122             500-year           4892.00     492.93     502.65                502.84   0.010425       3.62    1446.08     270.99         0.24 
                                                                                                                                                                   
 Reach-1          862              10-year            1112.00     491.70     496.53                496.57   0.006913       1.68     660.17     226.32         0.17 
 Reach-1          862              25-year            1738.00     491.70     497.38                497.44   0.007530       2.03     857.31     236.81         0.19 
 Reach-1          862              50-year            2297.00     491.70     497.99                498.07   0.007925       2.29    1007.30     249.74         0.20 
 Reach-1          862              1pct_min            979.00     491.70     496.32                496.36   0.006726       1.60     612.51     223.85         0.17 
 Reach-1          862              100-year           2956.00     491.70     498.63                498.73   0.008286       2.56    1168.72     259.46         0.20 
 Reach-1          862              1pct_plu           8928.00     491.70     502.54                502.79   0.009837       4.08    2363.89     351.77         0.24 
 Reach-1          862              500-year           4892.00     491.70     500.16                500.31   0.009029       3.18    1594.22     295.68         0.22 
                                                                                                                                                                   
 Reach-1          433              10-year            1112.00     489.77     494.04     492.10     494.07   0.005000       1.22     911.72     387.61         0.14 
 Reach-1          433              25-year            1738.00     489.77     494.80     492.37     494.83   0.005010       1.44    1210.38     406.24         0.15 
 Reach-1          433              50-year            2297.00     489.77     495.36     492.59     495.40   0.005006       1.60    1444.71     425.51         0.15 
 Reach-1          433              1pct_min            979.00     489.77     493.85     492.03     493.87   0.005002       1.17     838.07     381.72         0.14 
 Reach-1          433              100-year           2956.00     489.77     495.94     492.79     495.99   0.005009       1.76    1697.66     436.73         0.15 
 Reach-1          433              1pct_plu           8928.00     489.77     499.71     494.23     499.82   0.005001       2.68    3505.20     514.35         0.17 
 Reach-1          433              500-year           4892.00     489.77     497.40     493.34     497.47   0.005004       2.14    2353.21     470.86         0.16 
                                                                                                                                                                                 
