Profile Output Table - Standard Table 1
HEC-RAS  Plan: Multiple   River: ALUM 114   Reach: Reach-1
                                                                                                                                                                                 
# Rivers            = 1 
# Hydraulic Reaches = 1 
# River Stations    = 7 
# Plans             = 1 
# Profiles          = 7 

 Reach            River Sta        Profile            Q Total  Min Ch El  W.S. Elev  Crit W.S.  E.G. Elev E.G. Slope   Vel Chnl  Flow Area  Top Width Froude # Chl 
                                                        (cfs)       (ft)       (ft)       (ft)       (ft)    (ft/ft)     (ft/s)    (sq ft)       (ft)              
                                                                                                                                                                                 
 Reach-1          1471             10-year             268.00     575.32     579.66                579.79   0.026149       2.91      92.23      30.66         0.30 
 Reach-1          1471             25-year             383.00     575.32     580.51                580.67   0.026644       3.19     119.89      34.10         0.30 
 Reach-1          1471             50-year             479.00     575.32     581.06                581.24   0.027851       3.45     139.10      37.37         0.31 
 Reach-1          1471             1pct_min            194.00     575.32     578.98                579.09   0.026168       2.68      72.37      27.92         0.29 
 Reach-1          1471             100-year            586.00     575.32     581.74                581.93   0.030567       3.46     170.87      52.43         0.32 
 Reach-1          1471             1pct_plu           1770.00     575.32     584.35                584.80   0.038944       5.59     361.70     114.42         0.40 
 Reach-1          1471             500-year            874.00     575.32     582.57                582.83   0.033899       4.13     216.51      58.49         0.35 
                                                                                                                                                                   
 Reach-1          1281             10-year             268.00     569.81     573.26                573.45   0.043993       3.50      76.56      33.80         0.41 
 Reach-1          1281             25-year             383.00     569.81     573.82                574.06   0.047169       3.98      96.43      40.61         0.43 
 Reach-1          1281             50-year             479.00     569.81     574.22                574.50   0.046476       4.29     113.40      44.75         0.44 
 Reach-1          1281             1pct_min            194.00     569.81     572.84                572.98   0.040320       3.09      62.76      31.63         0.39 
 Reach-1          1281             100-year            586.00     569.81     574.65                574.96   0.044680       4.54     134.37      53.60         0.44 
 Reach-1          1281             1pct_plu           1770.00     569.81     577.96                578.41   0.029330       5.80     364.48      87.06         0.40 
 Reach-1          1281             500-year            874.00     569.81     575.65                576.01   0.037953       4.98     192.95      63.10         0.42 
                                                                                                                                                                   
 Reach-1          1024             10-year             268.00     563.64     567.59                567.67   0.013490       2.26     118.42      38.91         0.23 
 Reach-1          1024             25-year             383.00     563.64     568.50                568.59   0.011922       2.47     157.08      47.31         0.22 
 Reach-1          1024             50-year             479.00     563.64     569.12                569.22   0.011357       2.63     187.30      49.99         0.22 
 Reach-1          1024             1pct_min            194.00     563.64     566.88                566.95   0.015251       2.12      91.63      36.97         0.24 
 Reach-1          1024             100-year            586.00     563.64     569.73                569.85   0.011003       2.79     218.69      52.63         0.22 
 Reach-1          1024             1pct_plu           1770.00     563.64     573.86                574.08   0.010652       4.01     518.82     104.59         0.24 
 Reach-1          1024             500-year            874.00     563.64     571.11                571.26   0.010701       3.16     298.08      64.53         0.22 
                                                                                                                                                                   
 Reach-1          704              10-year             268.00     559.04     564.27                564.33   0.008275       2.07     129.26      33.98         0.19 
 Reach-1          704              25-year             383.00     559.04     565.25                565.33   0.008817       2.33     164.50      37.59         0.20 
 Reach-1          704              50-year             479.00     559.04     565.92                566.02   0.008925       2.52     190.46      40.21         0.20 
 Reach-1          704              1pct_min            194.00     559.04     563.48                563.53   0.007888       1.87     103.66      31.09         0.18 
 Reach-1          704              100-year            586.00     559.04     566.56                566.67   0.008988       2.72     217.37      44.46         0.20 
 Reach-1          704              1pct_plu           1770.00     559.04     570.25                570.52   0.011622       4.36     511.30     138.74         0.25 
 Reach-1          704              500-year            874.00     559.04     567.96                568.11   0.009076       3.18     290.25      62.11         0.21 
                                                                                                                                                                   
 Reach-1          534              10-year             268.00     557.64     563.08                563.13   0.006093       1.80     148.74      36.92         0.16 
 Reach-1          534              25-year             383.00     557.64     563.97                564.04   0.006597       2.10     183.76      41.38         0.17 
 Reach-1          534              50-year             479.00     557.64     564.60                564.69   0.006863       2.31     212.22      50.88         0.17 
 Reach-1          534              1pct_min            194.00     557.64     562.36                562.40   0.005724       1.58     122.59      35.76         0.15 
 Reach-1          534              100-year            586.00     557.64     565.24                565.33   0.006943       2.50     246.33      57.07         0.18 
 Reach-1          534              1pct_plu           1770.00     557.64     568.17                568.43   0.012939       4.44     502.10     122.83         0.26 
 Reach-1          534              500-year            874.00     557.64     566.61                566.73   0.007189       2.91     341.44      85.96         0.19 
                                                                                                                                                                   
 Reach-1          250              10-year             268.00     552.64     558.23     557.23     558.57   0.109844       4.67      57.44      54.57         0.56 
 Reach-1          250              25-year             383.00     552.64     558.92     557.90     559.31   0.095555       5.02      76.35      59.49         0.54 
 Reach-1          250              50-year             479.00     552.64     559.41     558.23     559.85   0.091147       5.31      90.25      62.94         0.53 
 Reach-1          250              1pct_min            194.00     552.64     557.69     555.97     558.00   0.118335       4.43      43.76      48.66         0.57 
 Reach-1          250              100-year            586.00     552.64     559.99     558.55     560.44   0.091482       5.41     108.26      71.09         0.54 
 Reach-1          250              1pct_plu           1770.00     552.64     562.73     561.49     562.87   0.032463       3.50     610.95     288.87         0.34 
 Reach-1          250              500-year            874.00     552.64     560.96     559.35     561.50   0.110776       5.86     149.12      92.79         0.60 
                                                                                                                                                                   
 Reach-1          149              10-year             268.00     552.77     557.07     554.64     557.10   0.005002       1.50     179.13     103.79         0.18 
 Reach-1          149              25-year             383.00     552.77     557.83     555.04     557.87   0.005001       1.58     243.12     116.37         0.17 
 Reach-1          149              50-year             479.00     552.77     558.36     555.30     558.40   0.005004       1.64     292.33     128.08         0.17 
 Reach-1          149              1pct_min            194.00     552.77     556.49     554.30     556.52   0.005006       1.43     135.79      88.80         0.18 
 Reach-1          149              100-year            586.00     552.77     558.95     555.56     558.99   0.005004       1.63     359.10     157.43         0.17 
 Reach-1          149              1pct_plu           1770.00     552.77     561.75     557.33     561.80   0.005007       2.03     981.50     276.72         0.17 
 Reach-1          149              500-year            874.00     552.77     559.93     556.15     559.98   0.005000       1.80     486.72     172.56         0.17 
                                                                                                                                                                                 
